2 #SUP: 4208
24 #SUP: 4748
34 #SUP: 7914
36 #SUP: 6812
39 #SUP: 5612
53 #SUP: 4608
59 #SUP: 5176
63 #SUP: 4936
67 #SUP: 4464
76 #SUP: 4384
85 #SUP: 8124
86 #SUP: 7924
90 #SUP: 7488
2 85  #SUP: 4208
24 34  #SUP: 4538
24 85  #SUP: 4748
24 86  #SUP: 4548
24 90  #SUP: 4408
34 36  #SUP: 6602
34 39  #SUP: 5402
34 53  #SUP: 4608
34 59  #SUP: 4984
34 63  #SUP: 4744
34 67  #SUP: 4464
34 76  #SUP: 4384
34 85  #SUP: 7914
34 86  #SUP: 7906
34 90  #SUP: 7296
36 39  #SUP: 4556
36 59  #SUP: 4424
36 63  #SUP: 4184
36 85  #SUP: 6812
36 86  #SUP: 6620
36 90  #SUP: 6464
39 85  #SUP: 5612
39 86  #SUP: 5420
39 90  #SUP: 4976
53 85  #SUP: 4608
53 86  #SUP: 4608
53 90  #SUP: 4608
59 63  #SUP: 4156
59 85  #SUP: 5176
59 86  #SUP: 4984
59 90  #SUP: 4736
63 85  #SUP: 4936
63 86  #SUP: 4744
63 90  #SUP: 4496
67 85  #SUP: 4464
67 86  #SUP: 4464
76 85  #SUP: 4384
76 86  #SUP: 4384
85 86  #SUP: 7924
85 90  #SUP: 7488
86 90  #SUP: 7288
24 34 85  #SUP: 4538
24 34 86  #SUP: 4530
24 34 90  #SUP: 4216
24 85 86  #SUP: 4548
24 85 90  #SUP: 4408
24 86 90  #SUP: 4208
34 36 39  #SUP: 4346
34 36 59  #SUP: 4232
34 36 85  #SUP: 6602
34 36 86  #SUP: 6602
34 36 90  #SUP: 6272
34 39 85  #SUP: 5402
34 39 86  #SUP: 5402
34 39 90  #SUP: 4784
34 53 85  #SUP: 4608
34 53 86  #SUP: 4608
34 53 90  #SUP: 4608
34 59 85  #SUP: 4984
34 59 86  #SUP: 4984
34 59 90  #SUP: 4544
34 63 85  #SUP: 4744
34 63 86  #SUP: 4744
34 63 90  #SUP: 4304
34 67 85  #SUP: 4464
34 67 86  #SUP: 4464
34 76 85  #SUP: 4384
34 76 86  #SUP: 4384
34 85 86  #SUP: 7906
34 85 90  #SUP: 7296
34 86 90  #SUP: 7288
36 39 85  #SUP: 4556
36 39 86  #SUP: 4364
36 39 90  #SUP: 4208
36 59 85  #SUP: 4424
36 59 86  #SUP: 4232
36 59 90  #SUP: 4128
36 63 85  #SUP: 4184
36 85 86  #SUP: 6620
36 85 90  #SUP: 6464
36 86 90  #SUP: 6272
39 85 86  #SUP: 5420
39 85 90  #SUP: 4976
39 86 90  #SUP: 4784
53 85 86  #SUP: 4608
53 85 90  #SUP: 4608
53 86 90  #SUP: 4608
59 63 85  #SUP: 4156
59 85 86  #SUP: 4984
59 85 90  #SUP: 4736
59 86 90  #SUP: 4544
63 85 86  #SUP: 4744
63 85 90  #SUP: 4496
63 86 90  #SUP: 4304
67 85 86  #SUP: 4464
76 85 86  #SUP: 4384
85 86 90  #SUP: 7288
24 34 85 86  #SUP: 4530
24 34 85 90  #SUP: 4216
24 34 86 90  #SUP: 4208
24 85 86 90  #SUP: 4208
34 36 39 85  #SUP: 4346
34 36 39 86  #SUP: 4346
34 36 59 85  #SUP: 4232
34 36 59 86  #SUP: 4232
34 36 85 86  #SUP: 6602
34 36 85 90  #SUP: 6272
34 36 86 90  #SUP: 6272
34 39 85 86  #SUP: 5402
34 39 85 90  #SUP: 4784
34 39 86 90  #SUP: 4784
34 53 85 86  #SUP: 4608
34 53 85 90  #SUP: 4608
34 53 86 90  #SUP: 4608
34 59 85 86  #SUP: 4984
34 59 85 90  #SUP: 4544
34 59 86 90  #SUP: 4544
34 63 85 86  #SUP: 4744
34 63 85 90  #SUP: 4304
34 63 86 90  #SUP: 4304
34 67 85 86  #SUP: 4464
34 76 85 86  #SUP: 4384
34 85 86 90  #SUP: 7288
36 39 85 86  #SUP: 4364
36 39 85 90  #SUP: 4208
36 59 85 86  #SUP: 4232
36 59 85 90  #SUP: 4128
36 85 86 90  #SUP: 6272
39 85 86 90  #SUP: 4784
53 85 86 90  #SUP: 4608
59 85 86 90  #SUP: 4544
63 85 86 90  #SUP: 4304
24 34 85 86 90  #SUP: 4208
34 36 39 85 86  #SUP: 4346
34 36 59 85 86  #SUP: 4232
34 36 85 86 90  #SUP: 6272
34 39 85 86 90  #SUP: 4784
34 53 85 86 90  #SUP: 4608
34 59 85 86 90  #SUP: 4544
34 63 85 86 90  #SUP: 4304
